totalfishsub = [325 330 365 366 367];
sessionn = [23 30 30 30 26];

anglebias_overall = [2.7117, 1.9589, 1.5048, 4.6064, 2.2587]; 

STColor = [191 152 149]./255;
independentColorT = [100 164 177]./255;
independentColorS = [170 179 202]./255;

blankColor = [.5 .5 .5];
appeColor = [119 136 172]./255;
averColor = [238 129 114]./255;
